48
0
47
0
1
11
0
2
8
0
3
10
0
4
9
0
5
12
1
6
7
1
7
5
2
7
7
3
8
7
4
9
6
4
10
4
5
11
6
6
12
8
6
13
8
7
13
6
7
14
7
7
8
4
8
14
5
9
8
5
9
15
6
10
15
7
10
16
8
10
18
5
10
11
3
11
18
4
12
19
9
13
20
5
14
20
5
14
21
7
14
22
4
15
22
4
16
23
4
16
17
3
17
25
5
18
24
5
19
8
26
20
33
5
20
27
4
21
28
6
22
28
5
22
29
6
23
22
5
23
30
5
23
32
3
23
24
5
24
25
4
25
32
5
26
33
10
27
28
5
27
34
7
28
35
4
29
35
6
30
36
5
30
31
7
31
37
7
31
32
6
32
37
4
33
38
8
33
34
8
34
39
6
35
40
4
36
35
5
36
37
6
37
42
11
38
43
7
38
47
14
38
39
3
39
44
9
39
40
4
40
45
11
41
40
3
41
45
7
42
41
4
42
45
8
42
46
10
43
47
11
44
47
12
45
47
11
46
47
10
34
35
4